0 0.625 0.7584269662921348 0.1 0.24719101123595505
0 0.49433333333333335 0.7724719101123596 0.10277777777777777 0.20786516853932585
0 0.3972222222222222 0.7752808988764045 0.027777777777777776 0.15730337078651685
0 0.31666666666666665 0.7837078651685393 0.09444444444444444 0.16292134831460675
0 0.73825 0.8135393258426966 0.03888888888888889 0.06179775280898876
0 0.8458333333333333 0.8146067415730337 0.13055555555555556 0.07865168539325842
0 0.8486111111111111 0.14325842696629212 0.275 0.2640449438202247
0 0.4527777777777778 0.17415730337078653 0.21666666666666667 0.3258426966292135
0 0.6658055555555555 0.39477528089887637 0.2222222222222222 0.398876404494382
0 0.8527777777777777 0.47191011235955055 0.12222222222222222 0.29213483146067415
0 0.15555555555555556 0.49157303370786515 0.15555555555555556 0.7247191011235955